S
-1
0
-1
1
0
1
SK
-1
1
-1
2
0
2
SKI
-1
2
-1
3
0
3
SKIA
-1
3
-1
4
0
4
1
4
1
3
1
2
SKIAS
0
2
0
3
1
3
SKIASC
0
3
0
4
1
4
2
4
2
3
SKIASCO
1
3
1
4
2
4
3
4
3
3
3
2
2
2
1
2
2
2
1
2
0
2
2
3
2
2
2
1
1
1
0
1
0
2
-1
2
1
3
1
2
1
1
SKIL
0
1
0
2
1
2
2
2
2
1
2
0
1
0
0
0
0
1
-1
1
1
2
1
1
SKL
0
1
0
2
SKLI
-1
2
-1
3
0
3
1
3
1
2
1
1
0
1
-1
1
1
2
2
2
2
1
2
0
SKLI
1
0
1
1
2
1
3
1
3
0
3
-1
2
-1
1
-1
1
0
SKLA
0
0
0
1
1
1
2
1
2
0
2
-1
1
-1
0
-1
0
0
1
0
SKA
0
0
0
1
1
1
SKAL
0
1
0
2
1
2
2
2
2
1
2
0
1
0
0
0
2
1
2
0
SKAI
1
0
1
1
SKAIL
0
1
0
2
SKAILI
-1
2
-1
3
0
3
1
3
1
2
1
1
0
1
-1
1
1
2
2
2
2
1
2
0
1
0
0
0
2
1
3
1
3
0
3
-1
2
-1
1
-1
2
-1
1
-1
0
-1
0
0
-1
0
1
1
SL
0
1
0
2
SLI
-1
2
-1
3
0
3
1
3
SLIC
0
3
0
4
1
4
2
4
2
3
2
2
1
2
0
2
1
2
SLIS
0
2
0
3
1
3
2
3
2
2
SLISH
1
2
1
3
2
3
3
3
3
2
3
1
2
1
1
1
2
1
1
1
0
1
1
1
0
1
-1
1
1
2
2
2
2
1
SLY
1
1
1
2
2
2
3
2
3
1
3
0
2
0
SLYI
1
0
1
1
2
1
3
1
3
0
3
-1
2
-1
1
-1
1
0
2
0
SLI
1
0
1
1
2
1
3
1
SLIV
2
1
2
2
3
2
4
2
4
1
4
0
3
0
2
0
3
0
3
-1
2
-1
1
-1
1
0
SLA
0
0
0
1
SLAK
-1
1
-1
2
0
2
SLAKI
-1
2
-1
3
0
3
1
3
1
2
1
1
0
1
-1
1
1
2
1
1
1
0
0
0
-1
0
1
1
2
1
SLAY
1
1
1
2
SLAYS
0
2
0
3
1
3
2
3
2
2
2
1
1
1
0
1
2
2
3
2
3
1
3
0
2
0
SLAYI
1
0
1
1
2
1
3
1
3
0
3
-1
2
-1
1
-1
1
0
2
0
SLAI
1
0
1
1
2
1
3
1
3
0
3
-1
2
-1
1
-1
2
-1
1
-1
0
-1
0
0
1
0
SA
0
0
0
1
SAK
-1
1
-1
2
0
2
SAKI
-1
2
-1
3
0
3
SAKIA
-1
3
-1
4
0
4
1
4
1
3
1
2
SAKIAS
0
2
0
3
1
3
2
3
2
2
2
1
1
1
0
1
0
2
-1
2
1
3
1
2
1
1
0
1
-1
1
1
2
SAKS
0
2
0
3
SAKSA
-1
3
-1
4
0
4
1
4
1
3
1
2
0
2
-1
2
1
3
2
3
2
2
2
1
1
1
0
1
1
1
1
0
0
0
-1
0
1
1
SAL
0
1
0
2
SALI
-1
2
-1
3
0
3
SALIA
-1
3
-1
4
0
4
1
4
1
3
1
2
0
2
-1
2
1
3
SALIC
0
3
SALICA
-1
3
-1
4
0
4
1
4
1
3
1
2
0
2
-1
2
0
4
1
4
2
4
2
3
SALICO
1
3
1
4
2
4
3
4
3
3
3
2
2
2
1
2
2
2
1
2
0
2
1
2
1
1
0
1
-1
1
1
2
SALS
0
2
SALSI
-1
2
-1
3
0
3
1
3
1
2
1
1
0
1
-1
1
0
3
SALSA
-1
3
-1
4
0
4
1
4
1
3
1
2
0
2
SALSAI
-1
2
-1
3
0
3
1
3
1
2
1
1
0
1
-1
1
-1
2
1
3
2
3
SALSO
1
3
1
4
2
4
3
4
3
3
3
2
2
2
1
2
2
2
2
1
1
1
0
1
2
2
2
1
2
0
SALI
1
0
1
1
2
1
3
1
SALIV
2
1
2
2
3
2
4
2
4
1
4
0
3
0
2
0
3
0
3
-1
2
-1
1
-1
1
0
0
0
2
1
SAY
1
1
1
2
SAYS
0
2
0
3
1
3
2
3
2
2
2
1
1
1
0
1
2
2
3
2
3
1
3
0
2
0
SAYI
1
0
1
1
2
1
3
1
3
0
3
-1
2
-1
1
-1
1
0
2
0
SAI
1
0
1
1
SAIL
0
1
0
2
SAILI
-1
2
-1
3
0
3
1
3
1
2
1
1
0
1
-1
1
1
2
2
2
2
1
2
0
1
0
0
0
2
1
SAIY
1
1
1
2
2
2
3
2
3
1
3
0
2
0
1
0
3
1
3
0
SAIB
2
0
2
1
3
1
4
1
4
0
4
-1
3
-1
2
-1
3
-1
2
-1
1
-1
2
-1
1
-1
0
-1
1
-1
0
-1
-1
-1
K
-1
1
-1
2
0
2
KI
-1
2
-1
3
0
3
KIA
-1
3
-1
4
0
4
1
4
1
3
KIAC
0
3
0
4
1
4
2
4
2
3
2
2
1
2
0
2
1
2
0
2
-1
2
1
3
KIC
0
3
0
4
1
4
2
4
2
3
2
2
1
2
0
2
1
2
KIS
0
2
0
3
KISA
-1
3
-1
4
0
4
1
4
1
3
1
2
0
2
-1
2
1
3
2
3
2
2
KISH
1
2
1
3
2
3
3
3
3
2
3
1
2
1
1
1
2
1
1
1
0
1
1
1
KIL
0
1
0
2
1
2
2
2
2
1
2
0
KILI
1
0
1
1
2
1
3
1
3
0
3
-1
2
-1
1
-1
1
0
0
0
0
1
-1
1
1
2
KS
0
2
0
3
KSA
-1
3
-1
4
0
4
1
4
1
3
1
2
0
2
-1
2
1
3
2
3
2
2
2
1
1
1
0
1
1
1
KL
0
1
0
2
KLI
-1
2
-1
3
0
3
1
3
KLIC
0
3
0
4
1
4
2
4
2
3
2
2
1
2
0
2
1
2
KLIS
0
2
0
3
1
3
2
3
2
2
2
1
1
1
0
1
1
1
0
1
-1
1
1
2
2
2
2
1
KLY
1
1
1
2
KLYS
0
2
0
3
1
3
2
3
2
2
2
1
1
1
0
1
2
2
3
2
3
1
3
0
2
0
1
0
2
0
KLI
1
0
1
1
2
1
3
1
3
0
3
-1
2
-1
1
-1
1
0
KLA
0
0
0
1
1
1
2
1
2
0
2
-1
1
-1
0
-1
0
0
1
0
KA
0
0
KAS
-1
0
-1
1
0
1
1
1
1
0
1
-1
0
-1
-1
-1
0
1
1
1
KAL
0
1
0
2
KALI
-1
2
-1
3
0
3
KALIA
-1
3
-1
4
0
4
1
4
1
3
1
2
0
2
-1
2
1
3
1
2
1
1
0
1
-1
1
1
2
KALS
0
2
0
3
1
3
2
3
KALSO
1
3
1
4
2
4
3
4
3
3
3
2
2
2
1
2
2
2
2
1
1
1
0
1
2
2
2
1
KALY
1
1
1
2
2
2
3
2
3
1
3
0
2
0
1
0
2
0
KALI
1
0
1
1
2
1
3
1
3
0
3
-1
2
-1
1
-1
1
0
0
0
KALS
-1
0
-1
1
0
1
1
1
1
0
1
-1
0
-1
-1
-1
2
1
KAY
1
1
KAYL
0
1
0
2
KAYLI
-1
2
-1
3
0
3
1
3
1
2
1
1
0
1
-1
1
1
2
2
2
2
1
2
0
KAYLI
1
0
1
1
2
1
3
1
3
0
3
-1
2
-1
1
-1
1
0
0
0
1
2
2
2
3
2
3
1
3
0
2
0
1
0
2
0
KAI
1
0
1
1
KAIL
0
1
0
2
1
2
2
2
2
1
KAILY
1
1
1
2
2
2
3
2
3
1
3
0
2
0
1
0
2
0
1
0
0
0
2
1
3
1
3
0
3
-1
2
-1
1
-1
2
-1
1
-1
0
-1
0
0
KS
-1
0
-1
1
0
1
1
1
1
0
KSA
0
0
0
1
1
1
2
1
2
0
2
-1
1
-1
0
-1
1
-1
0
-1
-1
-1
-1
0
I
-1
2
-1
3
0
3
IA
-1
3
-1
4
0
4
1
4
1
3
1
2
0
2
-1
2
1
3
IC
0
3
0
4
1
4
2
4
2
3
ICO
1
3
1
4
2
4
3
4
3
3
3
2
2
2
1
2
ICOS
0
2
0
3
ICOSA
-1
3
-1
4
0
4
1
4
1
3
1
2
0
2
-1
2
1
3
2
3
2
2
2
1
1
1
0
1
2
2
ICH
1
2
ICHS
0
2
0
3
1
3
2
3
2
2
2
1
1
1
0
1
1
3
2
3
ICHO
1
3
1
4
2
4
3
4
3
3
3
2
2
2
1
2
3
3
ICHO
2
3
2
4
3
4
4
4
4
3
4
2
3
2
2
2
3
2
ICHT
2
2
2
3
3
3
4
3
4
2
4
1
3
1
2
1
3
1
2
1
1
1
1
2
0
2
1
2
IS
0
2
0
3
ISA
-1
3
-1
4
0
4
1
4
1
3
1
2
0
2
-1
2
1
3
ISC
0
3
0
4
1
4
2
4
2
3
2
2
ISCH
1
2
1
3
2
3
3
3
3
2
3
1
2
1
1
1
1
2
0
2
2
3
ISO
1
3
ISOC
0
3
ISOCA
-1
3
-1
4
0
4
1
4
1
3
1
2
0
2
-1
2
0
4
1
4
2
4
2
3
2
2
ISOCH
1
2
1
3
2
3
3
3
ISOCHO
2
3
2
4
3
4
4
4
4
3
4
2
3
2
2
2
3
2
3
1
2
1
1
1
1
2
0
2
1
4
2
4
3
4
3
3
ISOO
2
3
2
4
3
4
4
4
4
3
4
2
3
2
2
2
3
2
ISOT
2
2
ISOTH
1
2
1
3
2
3
3
3
3
2
3
1
2
1
1
1
2
3
3
3
ISOTO
2
3
2
4
3
4
4
4
4
3
4
2
3
2
2
2
4
3
4
2
4
1
3
1
2
1
ISOTY
1
1
1
2
2
2
3
2
3
1
3
0
2
0
1
0
2
2
ISOH
1
2
1
3
2
3
3
3
3
2
3
1
2
1
ISOHY
1
1
1
2
2
2
3
2
3
1
3
0
2
0
1
0
1
1
1
2
2
2
ISH
1
2
1
3
2
3
3
3
3
2
3
1
2
1
1
1
2
1
1
1
ISL
0
1
0
2
1
2
2
2
2
1
2
0
1
0
ISLA
0
0
0
1
1
1
2
1
2
0
2
-1
1
-1
0
-1
0
0
0
1
1
1
IL
0
1
ILK
-1
1
-1
2
0
2
1
2
1
1
1
0
ILKA
0
0
0
1
1
1
2
1
2
0
2
-1
1
-1
0
-1
0
0
-1
0
0
2
1
2
2
2
2
1
2
0
ILI
1
0
ILIA
0
0
0
1
1
1
2
1
2
0
2
-1
1
-1
0
-1
1
1
2
1
3
1
3
0
3
-1
2
-1
1
-1
1
0
0
0
0
1
IK
-1
1
-1
2
0
2
1
2
1
1
1
0
IKA
0
0
0
1
1
1
2
1
2
0
2
-1
1
-1
0
-1
0
0
-1
0
-1
1
A
-1
3
-1
4
0
4
1
4
1
3
AC
0
3
0
4
1
4
2
4
2
3
ACO
1
3
1
4
2
4
3
4
3
3
3
2
ACOT
2
2
2
3
3
3
4
3
4
2
4
1
3
1
2
1
ACOTY
1
1
ACOTYL
0
1
0
2
1
2
2
2
2
1
2
0
1
0
0
0
1
2
2
2
3
2
3
1
3
0
2
0
1
0
2
2
1
2
ACOS
0
2
0
3
1
3
2
3
2
2
2
1
1
1
0
1
2
2
ACH
1
2
1
3
2
3
ACHO
1
3
1
4
2
4
3
4
3
3
ACHOO
2
3
2
4
3
4
4
4
4
3
4
2
3
2
2
2
3
2
2
2
1
2
3
3
ACHO
2
3
ACHOO
1
3
1
4
2
4
3
4
3
3
3
2
2
2
1
2
2
4
3
4
4
4
4
3
4
2
3
2
2
2
3
2
3
1
2
1
1
1
ACHL
0
1
0
2
1
2
2
2
2
1
2
0
1
0
ACHLA
0
0
0
1
1
1
2
1
2
0
2
-1
1
-1
0
-1
0
0
1
2
0
2
ACI
-1
2
-1
3
0
3
1
3
1
2
1
1
0
1
-1
1
1
2
AS
0
2
ASI
-1
2
-1
3
0
3
1
3
1
2
1
1
0
1
-1
1
0
3
1
3
ASC
0
3
0
4
1
4
2
4
2
3
ASCO
1
3
1
4
2
4
3
4
3
3
3
2
ASCOT
2
2
2
3
3
3
4
3
4
2
4
1
3
1
2
1
2
2
1
2
2
2
1
2
0
2
ASCI
-1
2
-1
3
0
3
1
3
1
2
1
1
0
1
-1
1
2
3
ASO
1
3
ASOC
0
3
0
4
1
4
2
4
2
3
2
2
1
2
0
2
ASOCI
-1
2
-1
3
0
3
1
3
1
2
1
1
0
1
-1
1
1
4
2
4
3
4
3
3
3
2
2
2
1
2
2
2
ASH
1
2
1
3
ASHC
0
3
0
4
1
4
2
4
2
3
2
2
1
2
0
2
2
3
3
3
3
2
ASHT
2
2
2
3
3
3
4
3
4
2
4
1
3
1
2
1
3
1
2
1
1
1
ASHL
0
1
0
2
1
2
2
2
2
1
2
0
1
0
ASHLA
0
0
0
1
1
1
2
1
2
0
2
-1
1
-1
0
-1
0
0
2
1
ASY
1
1
ASYL
0
1
0
2
1
2
2
2
2
1
2
0
1
0
0
0
1
2
2
2
3
2
3
1
3
0
2
0
1
0
1
1
ASL
0
1
0
2
1
2
2
2
2
1
2
0
1
0
ASLA
0
0
0
1
ASLAK
-1
1
-1
2
0
2
ASLAKI
-1
2
-1
3
0
3
1
3
1
2
1
1
0
1
-1
1
1
2
1
1
1
0
0
0
-1
0
1
1
2
1
2
0
2
-1
1
-1
0
-1
0
0
0
1
ASK
-1
1
-1
2
0
2
ASKI
-1
2
-1
3
0
3
1
3
1
2
1
1
0
1
-1
1
1
2
1
1
1
0
ASKA
0
0
0
1
1
1
2
1
2
0
2
-1
1
-1
0
-1
0
0
ASKS
-1
0
-1
1
0
1
1
1
1
0
1
-1
0
-1
-1
-1
-1
0
0
2
AI
-1
2
-1
3
0
3
1
3
AIC
0
3
0
4
1
4
2
4
2
3
2
2
AICH
1
2
1
3
2
3
3
3
3
2
3
1
2
1
1
1
1
2
0
2
1
2
AIS
0
2
0
3
1
3
2
3
2
2
2
1
1
1
AISL
0
1
0
2
1
2
2
2
2
1
2
0
AISLI
1
0
1
1
2
1
3
1
3
0
3
-1
2
-1
1
-1
1
0
0
0
0
1
1
1
AIL
0
1
0
2
1
2
2
2
2
1
2
0
AILI
1
0
1
1
2
1
3
1
3
0
3
-1
2
-1
1
-1
1
0
AILA
0
0
0
1
1
1
2
1
2
0
2
-1
1
-1
0
-1
0
0
0
1
AIK
-1
1
-1
2
0
2
1
2
1
1
1
0
0
0
-1
0
-1
1
-1
2
A
0
0
AS
-1
0
-1
1
0
1
ASK
-1
1
-1
2
0
2
ASKI
-1
2
-1
3
0
3
1
3
1
2
1
1
0
1
-1
1
1
2
ASKS
0
2
0
3
1
3
2
3
2
2
2
1
1
1
0
1
1
1
1
0
0
0
-1
0
1
1
ASL
0
1
0
2
1
2
2
2
2
1
2
0
1
0
0
0
1
0
1
-1
0
-1
-1
-1
0
1
AK
-1
1
-1
2
0
2
AKI
-1
2
-1
3
0
3
1
3
1
2
1
1
0
1
-1
1
1
2
1
1
1
0
0
0
-1
0
1
1
AL
0
1
ALK
-1
1
-1
2
0
2
ALKI
-1
2
-1
3
0
3
1
3
1
2
1
1
0
1
-1
1
1
2
1
1
1
0
0
0
-1
0
0
2
ALI
-1
2
-1
3
0
3
ALIA
-1
3
-1
4
0
4
1
4
1
3
1
2
ALIAS
0
2
0
3
1
3
2
3
2
2
2
1
1
1
0
1
0
2
-1
2
1
3
ALIC
0
3
ALICA
-1
3
-1
4
0
4
1
4
1
3
1
2
0
2
-1
2
0
4
1
4
2
4
2
3
2
2
1
2
0
2
1
2
ALIS
0
2
0
3
1
3
2
3
ALISO
1
3
1
4
2
4
3
4
3
3
3
2
2
2
1
2
2
2
2
1
1
1
0
1
1
1
0
1
ALIK
-1
1
-1
2
0
2
1
2
1
1
1
0
0
0
-1
0
-1
1
1
2
ALS
0
2
ALSI
-1
2
-1
3
0
3
1
3
1
2
1
1
0
1
ALSIK
-1
1
-1
2
0
2
1
2
1
1
1
0
0
0
-1
0
-1
1
0
3
1
3
2
3
ALSO
1
3
1
4
2
4
3
4
3
3
ALSOO
2
3
2
4
3
4
4
4
4
3
4
2
3
2
2
2
3
2
2
2
1
2
2
2
2
1
1
1
0
1
2
2
2
1
ALY
1
1
1
2
ALYS
0
2
0
3
1
3
2
3
2
2
2
1
1
1
0
1
2
2
3
2
3
1
3
0
2
0
1
0
2
0
ALI
1
0
1
1
2
1
ALIY
1
1
1
2
2
2
3
2
3
1
3
0
2
0
1
0
3
1
ALIV
2
1
2
2
3
2
4
2
4
1
4
0
3
0
2
0
3
0
ALIB
2
0
2
1
3
1
4
1
4
0
4
-1
3
-1
2
-1
3
-1
2
-1
1
-1
1
0
0
0
ALS
-1
0
-1
1
0
1
1
1
1
0
1
-1
0
-1
-1
-1
2
1
AY
1
1
1
2
AYS
0
2
0
3
1
3
2
3
2
2
2
1
1
1
0
1
2
2
3
2
3
1
3
0
2
0
AYI
1
0
1
1
2
1
3
1
3
0
3
-1
2
-1
1
-1
1
0
2
0
AI
1
0
1
1
AIL
0
1
0
2
AILI
-1
2
-1
3
0
3
1
3
1
2
1
1
0
1
-1
1
1
2
2
2
2
1
2
0
1
0
0
0
2
1
3
1
AIV
2
1
2
2
3
2
4
2
4
1
4
0
3
0
2
0
3
0
AIB
2
0
2
1
3
1
4
1
4
0
4
-1
3
-1
2
-1
3
-1
2
-1
1
-1
2
-1
1
-1
0
-1
L
0
1
0
2
LI
-1
2
-1
3
0
3
LIA
-1
3
-1
4
0
4
1
4
1
3
1
2
LIAS
0
2
0
3
1
3
2
3
2
2
2
1
1
1
0
1
0
2
-1
2
1
3
LIC
0
3
0
4
1
4
2
4
2
3
LICO
1
3
1
4
2
4
3
4
3
3
3
2
2
2
1
2
2
2
LICH
1
2
1
3
2
3
3
3
3
2
LICHT
2
2
2
3
3
3
4
3
4
2
4
1
3
1
2
1
3
1
2
1
1
1
1
2
0
2
1
2
LIS
0
2
0
3
1
3
2
3
2
2
2
1
1
1
0
1
LISK
-1
1
-1
2
0
2
1
2
1
1
1
0
0
0
-1
0
1
1
0
1
LIK
-1
1
-1
2
0
2
1
2
1
1
1
0
LIKA
0
0
0
1
1
1
2
1
2
0
2
-1
1
-1
0
-1
0
0
-1
0
-1
1
1
2
2
2
LH
1
2
1
3
2
3
3
3
3
2
3
1
2
1
1
1
2
1
LY
1
1
1
2
LYS
0
2
LYSI
-1
2
-1
3
0
3
1
3
1
2
1
1
0
1
-1
1
0
3
LYSA
-1
3
-1
4
0
4
1
4
1
3
1
2
0
2
-1
2
1
3
2
3
LYSO
1
3
1
4
2
4
3
4
3
3
3
2
2
2
1
2
2
2
2
1
1
1
0
1
2
2
3
2
LYT
2
2
LYTH
1
2
1
3
2
3
3
3
3
2
3
1
2
1
1
1
2
3
3
3
4
3
4
2
4
1
3
1
2
1
3
1
3
0
2
0
LYI
1
0
1
1
2
1
3
1
3
0
3
-1
2
-1
1
-1
1
0
LYA
0
0
LYAS
-1
0
-1
1
0
1
1
1
1
0
1
-1
0
-1
-1
-1
0
1
1
1
2
1
2
0
2
-1
1
-1
0
-1
2
0
LI
1
0
LIA
0
0
LIAS
-1
0
-1
1
0
1
1
1
1
0
1
-1
0
-1
-1
-1
0
1
1
1
2
1
2
0
2
-1
1
-1
0
-1
1
1
2
1
3
1
LIV
2
1
LIVY
1
1
1
2
2
2
3
2
3
1
3
0
2
0
1
0
2
2
3
2
4
2
4
1
4
0
3
0
2
0
3
0
LIB
2
0
2
1
3
1
4
1
4
0
4
-1
3
-1
2
-1
3
-1
2
-1
1
-1
1
0
LA
0
0
LAS
-1
0
-1
1
0
1
LASK
-1
1
-1
2
0
2
1
2
1
1
1
0
0
0
-1
0
1
1
1
0
1
-1
0
-1
-1
-1
0
1
LAK
-1
1
-1
2
0
2
LAKI
-1
2
-1
3
0
3
1
3
1
2
1
1
0
1
-1
1
1
2
LAKS
0
2
0
3
LAKSA
-1
3
-1
4
0
4
1
4
1
3
1
2
0
2
-1
2
1
3
2
3
2
2
2
1
1
1
0
1
1
1
1
0
0
0
LAKS
-1
0
-1
1
0
1
1
1
1
0
1
-1
0
-1
-1
-1
-1
0
1
1
2
1
LAY
1
1
1
2
LAYS
0
2
0
3
1
3
2
3
2
2
LAYSH
1
2
1
3
2
3
3
3
3
2
3
1
2
1
1
1
2
1
1
1
0
1
2
2
3
2
LAYT
2
2
2
3
3
3
4
3
4
2
4
1
3
1
2
1
3
1
3
0
LAYB
2
0
2
1
3
1
4
1
4
0
4
-1
3
-1
2
-1
2
0
LAYI
1
0
1
1
2
1
3
1
3
0
3
-1
2
-1
1
-1
1
0
2
0
LAI
1
0
1
1
2
1
3
1
3
0
3
-1
2
-1
1
-1
2
-1
1
-1
0
-1
0
0
S
0
2
SI
-1
2
-1
3
0
3
SIA
-1
3
-1
4
0
4
1
4
1
3
1
2
0
2
-1
2
1
3
SIC
0
3
SICA
-1
3
-1
4
0
4
1
4
1
3
1
2
0
2
-1
2
0
4
1
4
2
4
2
3
2
2
SICH
1
2
1
3
2
3
3
3
3
2
SICHT
2
2
2
3
3
3
4
3
4
2
4
1
3
1
2
1
3
1
2
1
1
1
1
2
0
2
1
2
1
1
SIL
0
1
SILK
-1
1
-1
2
0
2
1
2
1
1
1
0
SILKA
0
0
0
1
1
1
2
1
2
0
2
-1
1
-1
0
-1
0
0
SILKS
-1
0
-1
1
0
1
1
1
1
0
1
-1
0
-1
-1
-1
-1
0
0
2
1
2
2
2
SILH
1
2
1
3
2
3
SILHO
1
3
1
4
2
4
3
4
3
3
3
2
2
2
1
2
3
3
SILHO
2
3
2
4
3
4
4
4
4
3
4
2
3
2
2
2
3
2
3
1
2
1
1
1
2
1
SILY
1
1
1
2
2
2
3
2
3
1
3
0
2
0
1
0
2
0
SILI
1
0
1
1
2
1
3
1
3
0
3
-1
2
-1
1
-1
1
0
SILA
0
0
SILAS
-1
0
-1
1
0
1
1
1
1
0
1
-1
0
-1
-1
-1
0
1
1
1
2
1
2
0
2
-1
1
-1
0
-1
0
0
0
1
SIK
-1
1
-1
2
0
2
1
2
1
1
1
0
SIKA
0
0
0
1
1
1
2
1
2
0
2
-1
1
-1
0
-1
0
0
SIKS
-1
0
-1
1
0
1
1
1
1
0
1
-1
0
-1
-1
-1
-1
0
-1
1
0
3
SA
-1
3
-1
4
0
4
1
4
1
3
SAC
0
3
0
4
1
4
2
4
2
3
2
2
SACH
1
2
1
3
2
3
3
3
3
2
3
1
2
1
1
1
1
2
0
2
1
2
0
2
SAI
-1
2
-1
3
0
3
1
3
SAIC
0
3
0
4
1
4
2
4
2
3
2
2
1
2
0
2
1
2
1
1
SAIL
0
1
0
2
1
2
2
2
2
1
2
0
SAILI
1
0
1
1
2
1
3
1
3
0
3
-1
2
-1
1
-1
1
0
0
0
0
1
SAIK
-1
1
-1
2
0
2
1
2
1
1
1
0
0
0
-1
0
-1
1
-1
2
1
3
SC
0
3
SCA
-1
3
-1
4
0
4
1
4
1
3
1
2
0
2
SCAI
-1
2
-1
3
0
3
1
3
1
2
1
1
SCAIL
0
1
0
2
1
2
2
2
2
1
2
0
SCAILI
1
0
1
1
2
1
3
1
3
0
3
-1
2
-1
1
-1
1
0
0
0
0
1
-1
1
-1
2
0
4
1
4
2
4
2
3
SCO
1
3
1
4
2
4
3
4
3
3
SCOO
2
3
2
4
3
4
4
4
4
3
4
2
3
2
SCOOT
2
2
2
3
3
3
4
3
4
2
4
1
3
1
2
1
2
2
3
2
SCOT
2
2
2
3
3
3
SCOTO
2
3
2
4
3
4
4
4
4
3
4
2
3
2
2
2
4
3
4
2
4
1
3
1
2
1
2
2
1
2
2
2
SCH
1
2
1
3
2
3
SCHO
1
3
1
4
2
4
3
4
3
3
SCHOO
2
3
2
4
3
4
4
4
4
3
4
2
3
2
2
2
3
2
SCHOT
2
2
2
3
3
3
4
3
4
2
4
1
3
1
2
1
2
2
1
2
3
3
SCHO
2
3
SCHOO
1
3
1
4
2
4
3
4
3
3
3
2
2
2
1
2
2
4
3
4
4
4
4
3
4
2
3
2
SCHOT
2
2
2
3
3
3
4
3
4
2
4
1
3
1
2
1
2
2
3
2
SCHT
2
2
2
3
SCHTO
1
3
1
4
2
4
3
4
3
3
SCHTOO
2
3
2
4
3
4
4
4
4
3
4
2
3
2
2
2
3
2
2
2
1
2
3
3
SCHTO
2
3
SCHTOO
1
3
1
4
2
4
3
4
3
3
3
2
2
2
1
2
2
4
3
4
4
4
4
3
4
2
3
2
2
2
4
3
4
2
4
1
3
1
2
1
3
1
SCHV
2
1
2
2
3
2
4
2
4
1
4
0
3
0
2
0
SCHVI
1
0
1
1
2
1
3
1
3
0
3
-1
2
-1
1
-1
2
1
1
1
SCHL
0
1
0
2
SCHLI
-1
2
-1
3
0
3
1
3
1
2
1
1
0
1
-1
1
1
2
2
2
2
1
2
0
SCHLI
1
0
1
1
2
1
3
1
3
0
3
-1
2
-1
1
-1
1
0
SCHLA
0
0
0
1
1
1
2
1
2
0
2
-1
1
-1
0
-1
0
0
1
2
0
2
SCI
-1
2
-1
3
0
3
SCIA
-1
3
-1
4
0
4
1
4
1
3
1
2
0
2
-1
2
1
3
1
2
1
1
SCIL
0
1
0
2
1
2
2
2
2
1
2
0
SCILI
1
0
1
1
2
1
3
1
3
0
3
-1
2
-1
1
-1
1
0
0
0
0
1
-1
1
2
3
SO
1
3
SOC
0
3
SOCA
-1
3
-1
4
0
4
1
4
1
3
1
2
0
2
-1
2
0
4
1
4
2
4
2
3
2
2
1
2
0
2
SOCI
-1
2
-1
3
0
3
SOCIA
-1
3
-1
4
0
4
1
4
1
3
1
2
0
2
-1
2
1
3
1
2
1
1
0
1
-1
1
1
4
2
4
3
4
3
3
SOO
2
3
2
4
3
4
4
4
4
3
4
2
3
2
SOOT
2
2
SOOTH
1
2
1
3
2
3
3
3
3
2
3
1
2
1
1
1
SOOTHL
0
1
0
2
1
2
2
2
2
1
SOOTHLY
1
1
1
2
2
2
3
2
3
1
3
0
2
0
1
0
2
0
1
0
0
0
2
3
3
3
4
3
4
2
4
1
3
1
2
1
SOOTY
1
1
1
2
2
2
3
2
3
1
3
0
2
0
1
0
2
2
3
2
SOT
2
2
SOTH
1
2
1
3
2
3
3
3
3
2
3
1
2
1
1
1
2
3
3
3
SOTO
2
3
2
4
3
4
4
4
4
3
4
2
3
2
2
2
4
3
4
2
4
1
3
1
2
1
2
2
SOH
1
2
1
3
2
3
3
3
SOHO
2
3
2
4
3
4
4
4
4
3
4
2
3
2
2
2
3
2
3
1
2
1
1
1
1
2
2
2
SH
1
2
1
3
SHC
0
3
0
4
1
4
2
4
2
3
2
2
1
2
0
2
2
3
SHO
1
3
SHOC
0
3
0
4
1
4
2
4
2
3
2
2
1
2
0
2
1
4
2
4
3
4
3
3
SHOO
2
3
2
4
3
4
4
4
4
3
4
2
3
2
SHOOT
2
2
2
3
3
3
4
3
4
2
4
1
3
1
2
1
2
2
3
2
SHOT
2
2
2
3
3
3
4
3
4
2
4
1
3
1
2
1
2
2
1
2
3
3
SHO
2
3
SHOO
1
3
1
4
2
4
3
4
3
3
3
2
SHOOT
2
2
2
3
3
3
4
3
4
2
4
1
3
1
2
1
2
2
1
2
2
4
3
4
4
4
4
3
4
2
3
2
SHOT
2
2
2
3
3
3
4
3
4
2
4
1
3
1
2
1
2
2
3
2
SHT
2
2
2
3
SHTO
1
3
1
4
2
4
3
4
3
3
SHTOO
2
3
2
4
3
4
4
4
4
3
4
2
3
2
2
2
3
2
2
2
1
2
3
3
SHTO
2
3
SHTOO
1
3
1
4
2
4
3
4
3
3
3
2
2
2
1
2
2
4
3
4
4
4
4
3
4
2
3
2
2
2
4
3
4
2
4
1
3
1
2
1
3
1
SHV
2
1
2
2
3
2
4
2
4
1
4
0
3
0
2
0
SHVI
1
0
1
1
2
1
3
1
3
0
3
-1
2
-1
1
-1
2
1
SHY
1
1
SHYL
0
1
0
2
1
2
2
2
2
1
2
0
1
0
0
0
1
2
2
2
3
2
3
1
3
0
2
0
SHYI
1
0
1
1
2
1
3
1
3
0
3
-1
2
-1
1
-1
1
0
1
1
SHL
0
1
0
2
SHLI
-1
2
-1
3
0
3
1
3
1
2
1
1
0
1
-1
1
1
2
2
2
2
1
2
0
SHLI
1
0
1
1
2
1
3
1
3
0
3
-1
2
-1
1
-1
1
0
0
0
2
1
SY
1
1
SYL
0
1
0
2
SYLI
-1
2
-1
3
0
3
1
3
1
2
1
1
0
1
-1
1
1
2
2
2
2
1
2
0
SYLI
1
0
1
1
2
1
3
1
3
0
3
-1
2
-1
1
-1
1
0
0
0
1
2
2
2
3
2
SYT
2
2
SYTH
1
2
1
3
2
3
3
3
3
2
3
1
2
1
1
1
2
3
3
3
4
3
4
2
4
1
3
1
2
1
3
1
SYV
2
1
2
2
3
2
4
2
4
1
4
0
3
0
2
0
3
0
SYB
2
0
SYBI
1
0
1
1
SYBIL
0
1
0
2
1
2
2
2
2
1
2
0
1
0
0
0
2
1
3
1
3
0
3
-1
2
-1
1
-1
2
1
3
1
4
1
4
0
4
-1
3
-1
2
-1
2
0
1
0
1
1
SL
0
1
0
2
SLI
-1
2
-1
3
0
3
1
3
SLIC
0
3
0
4
1
4
2
4
2
3
2
2
1
2
0
2
1
2
1
1
0
1
-1
1
1
2
2
2
2
1
SLY
1
1
1
2
2
2
3
2
3
1
3
0
2
0
SLYI
1
0
1
1
2
1
3
1
3
0
3
-1
2
-1
1
-1
1
0
2
0
SLI
1
0
1
1
2
1
3
1
SLIV
2
1
2
2
3
2
4
2
4
1
4
0
3
0
2
0
3
0
3
-1
2
-1
1
-1
1
0
SLA
0
0
SLAS
-1
0
-1
1
0
1
1
1
1
0
1
-1
0
-1
-1
-1
0
1
SLAK
-1
1
-1
2
0
2
SLAKI
-1
2
-1
3
0
3
1
3
1
2
1
1
0
1
-1
1
1
2
1
1
1
0
0
0
-1
0
1
1
2
1
SLAY
1
1
1
2
2
2
3
2
3
1
3
0
2
0
SLAYI
1
0
1
1
2
1
3
1
3
0
3
-1
2
-1
1
-1
1
0
2
0
SLAI
1
0
1
1
2
1
3
1
3
0
3
-1
2
-1
1
-1
2
-1
1
-1
0
-1
0
0
0
1
SK
-1
1
-1
2
0
2
SKI
-1
2
-1
3
0
3
SKIA
-1
3
-1
4
0
4
1
4
1
3
1
2
0
2
-1
2
1
3
1
2
1
1
SKIL
0
1
0
2
1
2
2
2
2
1
2
0
1
0
0
0
0
1
-1
1
1
2
1
1
SKL
0
1
0
2
SKLI
-1
2
-1
3
0
3
1
3
1
2
1
1
0
1
-1
1
1
2
2
2
2
1
2
0
SKLI
1
0
1
1
2
1
3
1
3
0
3
-1
2
-1
1
-1
1
0
SKLA
0
0
0
1
1
1
2
1
2
0
2
-1
1
-1
0
-1
0
0
1
0
SKA
0
0
SKAS
-1
0
-1
1
0
1
1
1
1
0
1
-1
0
-1
-1
-1
0
1
1
1
SKAL
0
1
0
2
1
2
2
2
2
1
2
0
1
0
0
0
2
1
2
0
SKAI
1
0
1
1
SKAIL
0
1
0
2
SKAILI
-1
2
-1
3
0
3
1
3
1
2
1
1
0
1
-1
1
1
2
2
2
2
1
2
0
1
0
0
0
2
1
3
1
3
0
3
-1
2
-1
1
-1
2
-1
1
-1
0
-1
0
0
-1
0
C
0
3
CA
-1
3
-1
4
0
4
1
4
1
3
1
2
CAS
0
2
CASI
-1
2
-1
3
0
3
1
3
1
2
1
1
0
1
-1
1
0
3
1
3
2
3
2
2
CASH
1
2
1
3
2
3
CASHO
1
3
1
4
2
4
3
4
3
3
CASHOO
2
3
2
4
3
4
4
4
4
3
4
2
3
2
2
2
3
2
2
2
1
2
3
3
CASHO
2
3
CASHOO
1
3
1
4
2
4
3
4
3
3
3
2
2
2
1
2
2
4
3
4
4
4
4
3
4
2
3
2
2
2
3
2
3
1
2
1
1
1
2
1
1
1
0
1
CASK
-1
1
-1
2
0
2
CASKI
-1
2
-1
3
0
3
1
3
1
2
1
1
0
1
-1
1
1
2
1
1
1
0
0
0
CASKS
-1
0
-1
1
0
1
1
1
1
0
1
-1
0
-1
-1
-1
-1
0
0
2
CAI
-1
2
-1
3
0
3
1
3
1
2
CAIS
0
2
0
3
1
3
2
3
2
2
2
1
1
1
0
1
1
1
CAIL
0
1
0
2
1
2
2
2
2
1
2
0
1
0
0
0
0
1
-1
1
-1
2
0
4
1
4
2
4
2
3
CO
1
3
1
4
2
4
3
4
3
3
COO
2
3
2
4
3
4
4
4
4
3
4
2
3
2
COOT
2
2
2
3
3
3
4
3
4
2
4
1
3
1
2
1
2
2
3
2
COT
2
2
COTH
1
2
1
3
2
3
3
3
3
2
3
1
2
1
1
1
2
3
3
3
COTO
2
3
2
4
3
4
4
4
4
3
4
2
3
2
2
2
4
3
4
2
4
1
3
1
2
1
COTY
1
1
COTYL
0
1
0
2
COTYLI
-1
2
-1
3
0
3
1
3
1
2
1
1
0
1
-1
1
1
2
2
2
2
1
2
0
COTYLI
1
0
1
1
2
1
3
1
3
0
3
-1
2
-1
1
-1
1
0
0
0
1
2
2
2
3
2
3
1
3
0
2
0
1
0
2
2
COH
1
2
1
3
2
3
3
3
COHO
2
3
2
4
3
4
4
4
4
3
4
2
3
2
2
2
3
2
3
1
2
1
COHY
1
1
1
2
2
2
3
2
3
1
3
0
2
0
1
0
1
1
1
2
COS
0
2
COSI
-1
2
-1
3
0
3
1
3
1
2
1
1
COSIL
0
1
0
2
1
2
2
2
2
1
COSILY
1
1
1
2
2
2
3
2
3
1
3
0
2
0
1
0
2
0
1
0
0
0
0
1
-1
1
0
3
1
3
2
3
2
2
COSH
1
2
1
3
2
3
3
3
3
2
3
1
2
1
1
1
2
1
COSY
1
1
1
2
2
2
3
2
3
1
3
0
2
0
1
0
1
1
0
1
2
2
CH
1
2
1
3
2
3
CHO
1
3
1
4
2
4
3
4
3
3
CHOO
2
3
2
4
3
4
4
4
4
3
4
2
3
2
2
2
3
2
CHOT
2
2
2
3
3
3
4
3
4
2
4
1
3
1
2
1
2
2
1
2
CHOS
0
2
0
3
1
3
2
3
2
2
2
1
1
1
0
1
3
3
CHO
2
3
CHOO
1
3
1
4
2
4
3
4
3
3
3
2
2
2
1
2
CHOOS
0
2
CHOOSI
-1
2
-1
3
0
3
1
3
1
2
1
1
0
1
-1
1
0
3
1
3
2
3
2
2
2
1
1
1
0
1
2
4
3
4
4
4
4
3
4
2
3
2
CHOT
2
2
2
3
3
3
4
3
4
2
4
1
3
1
2
1
2
2
3
2
CHT
2
2
2
3
3
3
4
3
4
2
4
1
3
1
2
1
3
1
2
1
CHY
1
1
CHYL
0
1
0
2
CHYLI
-1
2
-1
3
0
3
1
3
1
2
1
1
0
1
-1
1
1
2
2
2
2
1
2
0
CHYLI
1
0
1
1
2
1
3
1
3
0
3
-1
2
-1
1
-1
1
0
0
0
1
2
2
2
3
2
CHYT
2
2
2
3
3
3
4
3
4
2
4
1
3
1
2
1
3
1
3
0
2
0
1
0
CHYA
0
0
0
1
1
1
2
1
2
0
2
-1
1
-1
0
-1
1
1
CHL
0
1
0
2
1
2
2
2
2
1
2
0
1
0
CHLA
0
0
0
1
1
1
2
1
2
0
2
-1
1
-1
0
-1
0
0
1
2
CS
0
2
0
3
CSA
-1
3
-1
4
0
4
1
4
1
3
1
2
0
2
-1
2
1
3
2
3
2
2
2
1
1
1
0
1
0
2
CI
-1
2
-1
3
0
3
CIA
-1
3
-1
4
0
4
1
4
1
3
1
2
0
2
-1
2
1
3
1
2
CIS
0
2
0
3
CISA
-1
3
-1
4
0
4
1
4
1
3
1
2
0
2
-1
2
1
3
2
3
2
2
2
1
1
1
CISL
0
1
0
2
1
2
2
2
2
1
2
0
1
0
0
0
0
1
1
1
CIL
0
1
0
2
1
2
2
2
2
1
2
0
CILI
1
0
CILIA
0
0
0
1
1
1
2
1
2
0
2
-1
1
-1
0
-1
1
1
2
1
3
1
3
0
3
-1
2
-1
1
-1
1
0
CILA
0
0
0
1
1
1
2
1
2
0
2
-1
1
-1
0
-1
0
0
0
1
-1
1
I
1
0
IA
0
0
0
1
1
1
2
1
2
0
2
-1
1
-1
0
-1
1
1
IL
0
1
ILK
-1
1
-1
2
0
2
1
2
1
1
1
0
ILKA
0
0
0
1
1
1
2
1
2
0
2
-1
1
-1
0
-1
0
0
-1
0
0
2
ILI
-1
2
-1
3
0
3
ILIA
-1
3
-1
4
0
4
1
4
1
3
ILIAC
0
3
0
4
1
4
2
4
2
3
2
2
1
2
0
2
1
2
0
2
-1
2
1
3
1
2
1
1
0
1
-1
1
1
2
2
2
2
1
2
0
1
0
0
0
2
1
3
1
IV
2
1
IVY
1
1
IVYL
0
1
0
2
1
2
2
2
2
1
2
0
1
0
0
0
1
2
2
2
3
2
3
1
3
0
2
0
1
0
2
2
3
2
4
2
4
1
4
0
3
0
2
0
3
0
IB
2
0
2
1
3
1
4
1
4
0
4
-1
3
-1
2
-1
3
-1
2
-1
1
-1
Y
1
1
YL
0
1
YLK
-1
1
-1
2
0
2
1
2
1
1
1
0
0
0
-1
0
0
2
YLI
-1
2
-1
3
0
3
1
3
1
2
1
1
0
1
YLIK
-1
1
-1
2
0
2
1
2
1
1
1
0
0
0
-1
0
-1
1
1
2
2
2
2
1
2
0
YLI
1
0
1
1
2
1
3
1
3
0
3
-1
2
-1
1
-1
1
0
0
0
1
2
YS
0
2
0
3
YSA
-1
3
-1
4
0
4
1
4
1
3
1
2
0
2
-1
2
1
3
2
3
2
2
YSH
1
2
1
3
2
3
3
3
3
2
3
1
2
1
1
1
2
1
1
1
0
1
2
2
3
2
YT
2
2
YTH
1
2
1
3
2
3
3
3
3
2
3
1
2
1
1
1
2
3
3
3
4
3
4
2
4
1
3
1
2
1
3
1
3
0
YB
2
0
2
1
3
1
4
1
4
0
4
-1
3
-1
2
-1
2
0
YI
1
0
1
1
YIL
0
1
0
2
1
2
2
2
2
1
2
0
1
0
0
0
2
1
3
1
3
0
YIB
2
0
2
1
3
1
4
1
4
0
4
-1
3
-1
2
-1
3
-1
2
-1
1
-1
1
0
YA
0
0
YAS
-1
0
-1
1
0
1
1
1
1
0
1
-1
0
-1
-1
-1
0
1
YAK
-1
1
-1
2
0
2
YAKI
-1
2
-1
3
0
3
1
3
1
2
1
1
0
1
-1
1
1
2
YAKS
0
2
0
3
1
3
2
3
2
2
2
1
1
1
0
1
1
1
1
0
0
0
YAKS
-1
0
-1
1
0
1
1
1
1
0
1
-1
0
-1
-1
-1
-1
0
1
1
YAL
0
1
0
2
1
2
2
2
2
1
2
0
1
0
0
0
2
1
2
0
YAI
1
0
1
1
2
1
3
1
3
0
3
-1
2
-1
1
-1
2
-1
1
-1
0
-1
H
1
2
1
3
2
3
HO
1
3
HOC
0
3
0
4
1
4
2
4
2
3
2
2
1
2
0
2
1
4
2
4
3
4
3
3
HOO
2
3
2
4
3
4
4
4
4
3
4
2
3
2
HOOT
2
2
2
3
3
3
4
3
4
2
4
1
3
1
2
1
2
2
3
2
HOT
2
2
2
3
3
3
4
3
4
2
4
1
3
1
2
1
2
2
1
2
HOS
0
2
HOSI
-1
2
-1
3
0
3
1
3
1
2
1
1
0
1
-1
1
0
3
HOSA
-1
3
-1
4
0
4
1
4
1
3
1
2
0
2
-1
2
1
3
2
3
2
2
2
1
1
1
0
1
3
3
HO
2
3
HOO
1
3
HOOC
0
3
0
4
1
4
2
4
2
3
2
2
1
2
0
2
1
4
2
4
3
4
3
3
3
2
HOOT
2
2
2
3
3
3
4
3
4
2
4
1
3
1
2
1
2
2
1
2
HOOS
0
2
0
3
1
3
2
3
2
2
2
1
1
1
0
1
2
4
3
4
4
4
4
3
4
2
3
2
HOT
2
2
2
3
3
3
4
3
4
2
4
1
3
1
2
1
2
2
3
2
3
1
2
1
HY
1
1
HYL
0
1
0
2
HYLI
-1
2
-1
3
0
3
1
3
HYLIC
0
3
0
4
1
4
2
4
2
3
2
2
1
2
0
2
1
2
HYLIS
0
2
0
3
1
3
2
3
2
2
2
1
1
1
0
1
1
1
0
1
-1
1
1
2
2
2
2
1
2
0
HYLI
1
0
1
1
2
1
3
1
3
0
3
-1
2
-1
1
-1
1
0
HYLA
0
0
HYLAS
-1
0
-1
1
0
1
1
1
1
0
1
-1
0
-1
-1
-1
0
1
1
1
2
1
2
0
2
-1
1
-1
0
-1
0
0
1
2
HYS
0
2
0
3
1
3
2
3
HYSO
1
3
1
4
2
4
3
4
3
3
3
2
2
2
1
2
2
2
2
1
1
1
0
1
2
2
3
2
HYT
2
2
2
3
3
3
4
3
4
2
4
1
3
1
2
1
3
1
3
0
HYB
2
0
2
1
3
1
4
1
4
0
4
-1
3
-1
2
-1
2
0
HYI
1
0
1
1
2
1
3
1
3
0
3
-1
2
-1
1
-1
1
0
HYA
0
0
0
1
1
1
HYAL
0
1
0
2
HYALI
-1
2
-1
3
0
3
1
3
1
2
1
1
0
1
-1
1
1
2
2
2
2
1
2
0
HYALI
1
0
1
1
2
1
3
1
3
0
3
-1
2
-1
1
-1
1
0
0
0
2
1
2
0
2
-1
1
-1
0
-1
1
1
O
1
3
OC
0
3
OCA
-1
3
-1
4
0
4
1
4
1
3
1
2
OCAS
0
2
0
3
1
3
2
3
2
2
2
1
1
1
0
1
0
2
-1
2
0
4
1
4
2
4
2
3
2
2
OCH
1
2
1
3
2
3
3
3
3
2
3
1
2
1
1
1
OCHL
0
1
0
2
1
2
2
2
2
1
2
0
1
0
0
0
1
2
0
2
OCI
-1
2
-1
3
0
3
1
3
1
2
1
1
0
1
-1
1
1
4
2
4
3
4
3
3
OO
2
3
2
4
3
4
4
4
4
3
4
2
3
2
OOT
2
2
OOTH
1
2
1
3
2
3
3
3
3
2
3
1
2
1
1
1
2
3
3
3
4
3
4
2
4
1
3
1
2
1
2
2
OOH
1
2
OOHS
0
2
0
3
1
3
2
3
2
2
2
1
1
1
0
1
1
3
2
3
3
3
3
2
3
1
2
1
1
1
3
2
OT
2
2
OTH
1
2
1
3
2
3
3
3
3
2
3
1
2
1
1
1
2
3
3
3
OTO
2
3
2
4
3
4
4
4
4
3
4
2
3
2
2
2
4
3
4
2
4
1
3
1
2
1
2
2
OH
1
2
OHS
0
2
0
3
1
3
2
3
2
2
2
1
1
1
0
1
1
3
2
3
3
3
OHO
2
3
2
4
3
4
4
4
4
3
4
2
3
2
2
2
3
2
3
1
2
1
1
1
1
2
OS
0
2
OSI
-1
2
-1
3
0
3
1
3
1
2
1
1
0
1
-1
1
0
3
OSA
-1
3
-1
4
0
4
1
4
1
3
1
2
0
2
-1
2
1
3
OSC
0
3
OSCA
-1
3
-1
4
0
4
1
4
1
3
1
2
0
2
-1
2
0
4
1
4
2
4
2
3
2
2
1
2
0
2
OSCI
-1
2
-1
3
0
3
1
3
1
2
1
1
OSCIL
0
1
0
2
1
2
2
2
2
1
2
0
1
0
0
0
0
1
-1
1
2
3
2
2
OSH
1
2
1
3
2
3
3
3
3
2
3
1
2
1
1
1
2
1
1
1
0
1
B
2
0
BI
1
0
BIA
0
0
BIAS
-1
0
-1
1
0
1
1
1
1
0
1
-1
0
-1
-1
-1
0
1
1
1
BIAL
0
1
0
2
BIALI
-1
2
-1
3
0
3
1
3
1
2
BIALIS
0
2
0
3
1
3
2
3
2
2
2
1
1
1
0
1
1
1
0
1
-1
1
1
2
2
2
2
1
BIALY
1
1
1
2
BIALYS
0
2
0
3
1
3
2
3
2
2
2
1
1
1
0
1
2
2
3
2
3
1
3
0
2
0
1
0
2
0
1
0
0
0
2
1
2
0
2
-1
1
-1
0
-1
1
1
BIL
0
1
BILK
-1
1
-1
2
0
2
BILKI
-1
2
-1
3
0
3
1
3
1
2
1
1
0
1
-1
1
1
2
1
1
1
0
0
0
-1
0
0
2
BILI
-1
2
-1
3
0
3
BILIA
-1
3
-1
4
0
4
1
4
1
3
1
2
0
2
-1
2
1
3
1
2
1
1
0
1
-1
1
1
2
BILS
0
2
0
3
1
3
2
3
2
2
2
1
1
1
0
1
2
2
BILH
1
2
1
3
2
3
3
3
3
2
3
1
2
1
1
1
2
1
2
0
1
0
BILA
0
0
0
1
1
1
2
1
BILAY
1
1
1
2
2
2
3
2
3
1
3
0
2
0
1
0
2
0
2
-1
1
-1
0
-1
0
0
BILS
-1
0
-1
1
0
1
1
1
1
0
1
-1
0
-1
-1
-1
2
1
BIY
1
1
1
2
2
2
3
2
3
1
3
0
2
0
1
0
3
1
BIV
2
1
2
2
3
2
4
2
4
1
4
0
3
0
2
0
3
0
3
-1
2
-1
1
-1
2
1
BY
1
1
BYL
0
1
0
2
BYLI
-1
2
-1
3
0
3
1
3
1
2
1
1
0
1
-1
1
1
2
2
2
2
1
2
0
BYLI
1
0
1
1
2
1
3
1
BYLIV
2
1
2
2
3
2
4
2
4
1
4
0
3
0
2
0
3
0
3
-1
2
-1
1
-1
1
0
BYLA
0
0
0
1
1
1
2
1
2
0
2
-1
1
-1
0
-1
0
0
1
2
BYS
0
2
0
3
1
3
2
3
2
2
2
1
1
1
0
1
2
2
3
2
BYT
2
2
2
3
BYTO
1
3
1
4
2
4
3
4
3
3
3
2
2
2
1
2
3
3
BYTO
2
3
2
4
3
4
4
4
4
3
4
2
3
2
2
2
4
3
4
2
4
1
3
1
2
1
3
1
3
0
2
0
1
0
3
1
4
1
4
0
4
-1
3
-1
2
-1
V
2
1
VY
1
1
1
2
2
2
3
2
3
1
3
0
2
0
VYI
1
0
1
1
2
1
3
1
3
0
3
-1
2
-1
1
-1
1
0
2
2
3
2
4
2
4
1
4
0
3
0
2
0
VI
1
0
VIA
0
0
VIAS
-1
0
-1
1
0
1
1
1
1
0
1
-1
0
-1
-1
-1
0
1
1
1
VIAL
0
1
0
2
VIALI
-1
2
-1
3
0
3
1
3
1
2
1
1
0
1
-1
1
1
2
2
2
2
1
2
0
1
0
0
0
2
1
2
0
2
-1
1
-1
0
-1
1
1
VIL
0
1
0
2
VILI
-1
2
-1
3
0
3
VILIA
-1
3
-1
4
0
4
1
4
1
3
VILIAC
0
3
0
4
1
4
2
4
2
3
VILIACO
1
3
1
4
2
4
3
4
3
3
3
2
2
2
1
2
2
2
1
2
0
2
1
2
0
2
-1
2
1
3
1
2
1
1
0
1
-1
1
1
2
2
2
2
1
2
0
1
0
VILA
0
0
0
1
1
1
2
1
VILAY
1
1
1
2
2
2
3
2
3
1
3
0
2
0
1
0
2
0
2
-1
1
-1
0
-1
0
0
2
1
3
1
3
0
VIB
2
0
2
1
3
1
4
1
4
0
4
-1
3
-1
2
-1
3
-1
2
-1
1
-1
T
2
2
TH
1
2
1
3
2
3
THO
1
3
1
4
2
4
3
4
3
3
3
2
2
2
1
2
THOS
0
2
0
3
1
3
2
3
2
2
2
1
1
1
0
1
3
3
THO
2
3
2
4
3
4
4
4
4
3
4
2
3
2
2
2
3
2
3
1
2
1
THY
1
1
THYL
0
1
0
2
1
2
2
2
2
1
2
0
1
0
THYLA
0
0
0
1
THYLAK
-1
1
-1
2
0
2
1
2
1
1
1
0
0
0
-1
0
1
1
2
1
2
0
2
-1
1
-1
0
-1
0
0
1
2
THYS
0
2
0
3
THYSA
-1
3
-1
4
0
4
1
4
1
3
1
2
0
2
-1
2
1
3
2
3
2
2
2
1
1
1
0
1
2
2
3
2
3
1
3
0
2
0
1
0
1
1
THL
0
1
0
2
THLI
-1
2
-1
3
0
3
1
3
1
2
1
1
0
1
-1
1
1
2
2
2
2
1
2
0
THLI
1
0
1
1
2
1
3
1
3
0
3
-1
2
-1
1
-1
1
0
0
0
2
3
TO
1
3
TOC
0
3
0
4
1
4
2
4
2
3
2
2
TOCH
1
2
1
3
2
3
3
3
3
2
3
1
2
1
1
1
1
2
TOCS
0
2
TOCSI
-1
2
-1
3
0
3
1
3
1
2
1
1
0
1
-1
1
0
3
1
3
2
3
2
2
2
1
1
1
0
1
0
2
1
4
2
4
3
4
3
3
TOO
2
3
2
4
3
4
4
4
4
3
4
2
3
2
2
2
3
2
2
2
TOH
1
2
1
3
2
3
3
3
TOHO
2
3
2
4
3
4
4
4
4
3
4
2
3
2
2
2
3
2
3
1
2
1
1
1
1
2
TOS
0
2
0
3
TOSA
-1
3
-1
4
0
4
1
4
1
3
1
2
0
2
-1
2
1
3
2
3
2
2
TOSH
1
2
1
3
2
3
3
3
3
2
3
1
2
1
TOSHY
1
1
1
2
2
2
3
2
3
1
3
0
2
0
1
0
1
1
2
1
1
1
0
1
3
3
TO
2
3
TOO
1
3
1
4
2
4
3
4
3
3
3
2
2
2
1
2
TOOS
0
2
0
3
1
3
2
3
2
2
TOOSH
1
2
1
3
2
3
3
3
3
2
3
1
2
1
1
1
2
1
1
1
0
1
2
4
3
4
4
4
4
3
4
2
3
2
2
2
TOH
1
2
1
3
2
3
TOHO
1
3
1
4
2
4
3
4
3
3
3
2
2
2
1
2
TOHOS
0
2
0
3
1
3
2
3
2
2
2
1
1
1
0
1
3
3
3
2
3
1
2
1
1
1
4
3
4
2
4
1
3
1
2
1
TY
1
1
TYL
0
1
0
2
1
2
2
2
2
1
2
0
1
0
0
0
1
2
TYS
0
2
0
3
1
3
2
3
2
2
2
1
1
1
0
1
2
2
3
2
3
1
3
0
2
0
TYI
1
0
1
1
2
1
3
1
3
0
3
-1
2
-1
1
-1
1
0
O
2
3
OO
1
3
OOC
0
3
0
4
1
4
2
4
2
3
2
2
1
2
0
2
1
4
2
4
3
4
3
3
3
2
OOT
2
2
OOTH
1
2
1
3
2
3
3
3
3
2
3
1
2
1
1
1
2
3
3
3
4
3
4
2
4
1
3
1
2
1
2
2
OOH
1
2
OOHS
0
2
0
3
1
3
2
3
2
2
2
1
1
1
0
1
1
3
2
3
3
3
3
2
3
1
2
1
1
1
1
2
OOS
0
2
OOSI
-1
2
-1
3
0
3
1
3
1
2
1
1
0
1
-1
1
0
3
1
3
2
3
2
2
2
1
OOSY
1
1
1
2
2
2
3
2
3
1
3
0
2
0
1
0
1
1
0
1
2
4
3
4
4
4
4
3
4
2
3
2
OT
2
2
OTH
1
2
1
3
2
3
3
3
3
2
3
1
2
1
1
1
2
3
OTO
1
3
OTOC
0
3
0
4
1
4
2
4
2
3
2
2
1
2
0
2
1
4
2
4
3
4
3
3
3
2
2
2
1
2
OTOS
0
2
0
3
1
3
OTOSC
0
3
0
4
1
4
2
4
2
3
2
2
1
2
0
2
2
3
2
2
2
1
1
1
0
1
3
3
4
3
4
2
4
1
3
1
2
1
2
2
OH
1
2
OHS
0
2
0
3
1
3
2
3
2
2
2
1
1
1
0
1
1
3
2
3
OHO
1
3
1
4
2
4
3
4
3
3
3
2
2
2
1
2
3
3
3
2
3
1
2
1
1
1
SLY [1, 4]
SAY [1, 4]
SAI [1, 4]
KIS [2, 4]
KAS [2, 4]
KAY [2, 4]
ISO [3, 4]
ASK [4, 4]
AIS [4, 4]
ASK [1, 3]
ALS [1, 3]
ALS [1, 3]
AYS [1, 3]
LIS [2, 3]
LIB [2, 3]
SAI [3, 3]
SOC [3, 3]
SOT [3, 3]
SLY [3, 3]
COT [4, 3]
YAS [2, 2]
HOC [3, 2]
HOS [3, 2]
OOH [4, 2]
OHS [4, 2]
OHO [4, 2]
VIA [2, 1]
THY [3, 1]
OOH [4, 1]
OHS [4, 1]
OHO [4, 1]
SAKI [1, 4]
SAIL [1, 4]
KALI [2, 4]
KALI [2, 4]
KAIL [2, 4]
ICHS [3, 4]
ILKA [3, 4]
ASKS [4, 4]
ASKS [1, 3]
LISK [2, 3]
LAYS [2, 3]
SICH [3, 3]
SILK [3, 3]
SIKA [3, 3]
SAIL [3, 3]
SCOT [3, 3]
SOOT [3, 3]
SOTH [3, 3]
SOHO [3, 3]
SKAS [3, 3]
COOT [4, 3]
COTH [4, 3]
COSH [4, 3]
COSY [4, 3]
ILKA [1, 2]
YAKS [2, 2]
YAKS [2, 2]
HOOT [3, 2]
HOOT [3, 2]
OCAS [4, 2]
OOHS [4, 2]
BILK [1, 1]
VIAS [2, 1]
VIAL [2, 1]
TOSH [3, 1]
OOHS [4, 1]
OOSY [4, 1]
SKAIL [1, 4]
SLISH [1, 4]
SLAYS [1, 4]
SALSA [1, 4]
ACHOO [4, 4]
ACHOO [4, 4]
ASCOT [4, 4]
LAKSA [2, 3]
SCAIL [3, 3]
SCOOT [3, 3]
SOOTH [3, 3]
SOOTY [3, 3]
SYBIL [3, 3]
SKAIL [3, 3]
CASKS [4, 3]
ILIAC [1, 2]
HYLAS [3, 2]
BIALI [1, 1]
TOSHY [3, 1]
TOHOS [3, 1]
SAKIAS [1, 4]
CASHOO [4, 3]
CASHOO [4, 3]
COSILY [4, 3]
BIALIS [1, 1]
BIALYS [1, 1]
SOOTHLY [3, 3]
